/**
 * 
 */
package com.stockstrategy.statistic.data;

//import android.graphics.Paint;

//import android.graphics.Paint;

import java.util.HashMap;
import java.util.List;
import java.util.Map;

import com.stockstrategy.constant.Constant;
import com.stockstrategy.data.DataArray;
import com.stockstrategy.data.DataMap;
import com.stockstrategy.data.RawData;

/**
 * @author Administrator
 * 
 *         when ma5 > ma10 , tigger buy , set value to 1; when ma5 < ma10 ,
 *         tigger sell , set value to -1
 * 
 * 
 * 
 */
public class StestNaiveBayse extends AbstractStrategyStatisticData {

	/*
	 * (non-Javadoc)
	 * 
	 * @see com.stock.statistic.data.IStatisticData#generate(java.lang.String,
	 * java.lang.String, com.stock.data.DataMap)
	 */
	private int PREVIOUS = 120;
	private int GAIN = 5;
	private final double LIMIT = PREVIOUS;
	private static String myStatisticType = Constant.SPre30Gain5I;
	private static final int DELAY = 0;
//
	
	private double H_THREHOLD = 100.0d;
	
	
	private double[] paramMin = {-0.07043676643194452000, -0.10737544668622138000, -2.73477500732404500000};
	private double[] paramStepSize = {0.01609552403449429300, 0.02734974785558651000, 0.72384888318134790000};
	private double Py0=0.82819866724027420000;
	private double Py1=0.17180133275972573000;
	private double[][][] pxy0={{{0.00002120193785712014, 0.00262904029428289760, 0.01257274914927224300, 0.19144289788086630000, 0.64878989939680490000, 0.12760386299307758000, 0.01694034834783899000}, {0.00002120193785712014, 0.00279865579713985860, 0.01377065863819953100, 0.19009657482693917000, 0.64525977674359440000, 0.13032831200771750000, 0.01772482004855244000}, {0.00002120193785712014, 0.00320149261642514100, 0.01710996385069595400, 0.19606492033371850000, 0.63735145392288850000, 0.12882297441986199000, 0.01742799291855275400}, {0.00001060096892856007, 0.00308488195821098040, 0.01822306558819476000, 0.19762326276621683000, 0.63479662041110560000, 0.12899258992271895000, 0.01726897838462435400}, {0.00001060096892856007, 0.00308488195821098040, 0.01890152759962260600, 0.20000848077514286000, 0.63505104366539100000, 0.12565328471022252000, 0.01729018032248147400}, {0.00000000000000000000, 0.00344531490178202300, 0.01965419639355037000, 0.20756697162120620000, 0.62971875629432530000, 0.12272741728593993000, 0.01688734350319619200}, {0.00000000000000000000, 0.00503546024106603400, 0.02457304597640224200, 0.20686730767192120000, 0.62319916040326080000, 0.12331047057701074000, 0.01701455513033891400}, {0.00000000000000000000, 0.00481283989356627200, 0.02333273261176071300, 0.20194845808906933000, 0.62472569992897350000, 0.12751905524164908000, 0.01766121423498107800}, {0.00000000000000000000, 0.00486584473820907200, 0.02467905566568784300, 0.20933733343227570000, 0.61975384550147880000, 0.12422215390486690000, 0.01714176675748163200}, {0.00000000000000000000, 0.00500365733428035300, 0.02377797330676024000, 0.20977197315834667000, 0.62163021700183400000, 0.12282282600629697000, 0.01699335319248179400}, {0.00001060096892856007, 0.00188697246928369260, 0.01732198322926715600, 0.20897690048870468000, 0.63162693070146610000, 0.12340587929736778000, 0.01677073284498203200}, {0.00002120193785712014, 0.00180216471785521190, 0.01715236772641019400, 0.21144692624905917000, 0.63149971907432330000, 0.12144470004558416000, 0.01663292024891075200}, {0.00000000000000000000, 0.00294706936213969940, 0.02004643224390709200, 0.20971896831370387000, 0.62901909234504040000, 0.12173092620665530000, 0.01653751152855371000}, {0.00000000000000000000, 0.00338170908821066240, 0.02162597661426254500, 0.21358832197262830000, 0.62448187764361660000, 0.12053301671772800000, 0.01638909796355387000}, {0.00000000000000000000, 0.00357252652892474380, 0.02331153067390359300, 0.22346842501404630000, 0.61337206220648570000, 0.11993936245772864000, 0.01633609311891106800}, {0.00001060096892856007, 0.00343471393285346270, 0.02188039986854798500, 0.22752859611368478000, 0.61076422385005990000, 0.12022558861879976000, 0.01615587664712554700}, {0.00001060096892856007, 0.00350892071535338330, 0.02159417370747686300, 0.22435890640404532000, 0.61149569070613050000, 0.12275922019272562000, 0.01627248730533970700}, {0.00001060096892856007, 0.00331810327463930200, 0.02144576014247702000, 0.22804804359118425000, 0.61066881512970280000, 0.12054361768665656000, 0.01596505920641146500}, {0.00001060096892856007, 0.00350892071535338330, 0.02254826091104727000, 0.22697734572939968000, 0.60982073761541800000, 0.12113727194665593000, 0.01599686211319714700}, {0.00003180290678568021, 0.00336050715035354200, 0.02299350160604679200, 0.23027424706618185000, 0.60691607212899260000, 0.12049061284201376000, 0.01593325629962578600}, {0.00003180290678568021, 0.00392235850356722600, 0.02419141109497408000, 0.23406939394260634000, 0.60380998823292450000, 0.11833861614951606000, 0.01563642916962610500}, {0.00003180290678568021, 0.00397536334821002700, 0.02478506535497344500, 0.23666663133010357000, 0.60355556497863900000, 0.11570957585523317000, 0.01527599622605506200}, {0.00004240387571424028, 0.00393295947249578600, 0.02476386341711632500, 0.23610477997688990000, 0.60384179113971010000, 0.11607000879880420000, 0.01524419331926938100}, {0.00002120193785712014, 0.00377394493856738530, 0.02483807019961624400, 0.23594576544296147000, 0.60420222408328120000, 0.11585798942023301000, 0.01536080397748354100}, {0.00002120193785712014, 0.00368913718713890450, 0.02446703628711664400, 0.23343333580689274000, 0.60531532582078010000, 0.11745873572844558000, 0.01561522723176898300}, {0.00003180290678568021, 0.00286226161071121900, 0.02262246769354719000, 0.23873382027117280000, 0.60144597216185560000, 0.11816900064665911000, 0.01613467470926842700}, {0.00002120193785712014, 0.00271384804571137800, 0.02168958242783390300, 0.23438742301046317000, 0.60585597523613650000, 0.11901707816094391000, 0.01631489118105394800}, {0.00002120193785712014, 0.00311668486499666100, 0.02266487156926143000, 0.22794203390189863000, 0.60926948723113300000, 0.12059662253129937000, 0.01638909796355387000}, {0.00002120193785712014, 0.00357252652892474380, 0.02318431904676087500, 0.22438010834190245000, 0.61097624322863110000, 0.12130688744951289000, 0.01655871346641083000}, {0.00003180290678568021, 0.00362553137356754400, 0.02336453551854639600, 0.22468753644083070000, 0.60946030467184700000, 0.12225037368415473000, 0.01657991540426795000}, {0.00002120193785712014, 0.00342411296392490260, 0.02430802175318824000, 0.22454972384475940000, 0.60968292501934670000, 0.12144470004558416000, 0.01656931443533939000}, {0.00002120193785712014, 0.00348771877749626300, 0.02435042562890248000, 0.22845088041046951000, 0.60603619170792210000, 0.12123268066701297000, 0.01642090087033955000}, {0.00003180290678568021, 0.00337110811928210230, 0.02340693939426063600, 0.23180078659189450000, 0.60538953260328000000, 0.11984395373737160000, 0.01615587664712554700}, {0.00004240387571424028, 0.00356192555999618360, 0.02336453551854639600, 0.23027424706618185000, 0.60724470216577800000, 0.11939871304237207000, 0.01611347277141130700}, {0.00004240387571424028, 0.00344531490178202300, 0.02219842893640478600, 0.22165565932726250000, 0.61493040463898400000, 0.12137049326308424000, 0.01635729505676818800}, {0.00002120193785712014, 0.00345591587071058300, 0.02260126575569007000, 0.22352142985868909000, 0.61246037887862950000, 0.12169912329986961000, 0.01624068439855403000}, {0.00002120193785712014, 0.00343471393285346270, 0.02236804443926175000, 0.21715024753262450000, 0.61771845946719530000, 0.12265321050344001000, 0.01665412218676787000}, {0.00004240387571424028, 0.00334990618142498240, 0.02200761149569070700, 0.21524207312548366000, 0.62059132204683510000, 0.12255780178308297000, 0.01620888149176834600}, {0.00003180290678568021, 0.00323329552321082160, 0.02074609619319205800, 0.21478623146155560000, 0.62183163541147660000, 0.12317265798093946000, 0.01619828052283978800}, {0.00003180290678568021, 0.00301067517571106000, 0.01977080705176453000, 0.21306887449512885000, 0.62369740594290310000, 0.12422215390486690000, 0.01619828052283978800}, {0.00004240387571424028, 0.00295767033106825950, 0.02039626421854957500, 0.21603714579512567000, 0.62216026544826200000, 0.12212316205701201000, 0.01628308827426827000}, {0.00004240387571424028, 0.00298947323785394000, 0.02064008650390645700, 0.21932344616297930000, 0.61807889241076630000, 0.12270621534808282000, 0.01621948246069690800}, {0.00005300484464280035, 0.00300007420678250000, 0.02064008650390645700, 0.22122101960119156000, 0.61629792963076820000, 0.12269561437915426000, 0.01609227083355418600}, {0.00003180290678568021, 0.00291526645535401940, 0.01941037410819349000, 0.21282505220977196000, 0.62479990671147350000, 0.12387232193022442000, 0.01614527567819699000}, {0.00003180290678568021, 0.00304247808249674030, 0.02030085549819253500, 0.21968387910655035000, 0.61836511857183750000, 0.12276982116165418000, 0.01580604467248306400}, {0.00005300484464280035, 0.00315908874071090100, 0.02047047100104949400, 0.21585692932334016000, 0.62278572261504700000, 0.12213376302594058000, 0.01554102044926906400}, {0.00004240387571424028, 0.00321209358535370130, 0.02042806712533525700, 0.21372613456869957000, 0.62417444954468840000, 0.12317265798093946000, 0.01524419331926938100}, {0.00004240387571424028, 0.00319089164749658100, 0.02071429328640637600, 0.21466962080334143000, 0.62518154159290160000, 0.12125388260487009000, 0.01494736618926969900}, {0.00005300484464280035, 0.00313788680285378070, 0.01996162449247861400, 0.21137271946655925000, 0.62879647199754060000, 0.12179453202022665000, 0.01488376037569833800}, {0.00005300484464280035, 0.00285166064178265900, 0.02005703321283565400, 0.21310067740191455000, 0.62728053344075650000, 0.12183693589594088000, 0.01482015456212697900}, {0.00004240387571424028, 0.00310608389606810070, 0.02089450975819190000, 0.22229171746297613000, 0.61926620093076510000, 0.11928210238415791000, 0.01511698169212666000}, {0.00005300484464280035, 0.00306368002035386000, 0.02073549522426349600, 0.22161325545154828000, 0.61952062418505050000, 0.11994996342665720000, 0.01506397684748386000}, {0.00005300484464280035, 0.00302127614463962000, 0.02026905259140685300, 0.21786051245083800000, 0.62248889548504740000, 0.12130688744951289000, 0.01500037103391250000}, {0.00005300484464280035, 0.00292586742428257950, 0.01991922061676437400, 0.22078637987512060000, 0.62053831720219230000, 0.12080864190987056000, 0.01496856812712682000}, {0.00004240387571424028, 0.00322269455428226150, 0.02056587972140653700, 0.21444700045584167000, 0.62591300844897220000, 0.12104186322629888000, 0.01476714971748417800}, {0.00004240387571424028, 0.00337110811928210230, 0.02069309134854925600, 0.21342930743869990000, 0.62828762548896970000, 0.11951532370058623000, 0.01466114002819857700}, {0.00005300484464280035, 0.00346651683963914300, 0.02115953398140590200, 0.22027753336654970000, 0.62155601021933400000, 0.11870965006201567000, 0.01477775068641273800}, {0.00005300484464280035, 0.00347711780856770330, 0.02059768262819221600, 0.21744707466262417000, 0.62289173230433260000, 0.12064962737594216000, 0.01488376037569833800}, {0.00005300484464280035, 0.00340291102606778270, 0.02048107196997805600, 0.21928104228726505000, 0.62196944800754790000, 0.11994996342665720000, 0.01486255843784122000}, {0.00005300484464280035, 0.00345591587071058300, 0.02084150491354909800, 0.21836935895940890000, 0.62361259819147470000, 0.11870965006201567000, 0.01495796715819826000}, {0.00005300484464280035, 0.00354072362213906330, 0.02209241924711918800, 0.22040474499369242000, 0.61989165809755010000, 0.11919729463272943000, 0.01482015456212697900}, {0.00003180290678568021, 0.00329690133678218200, 0.02147756304926270300, 0.21236921054584390000, 0.62781058188718450000, 0.12023618958772832000, 0.01477775068641273800}, {0.00002120193785712014, 0.00337110811928210230, 0.02219842893640478600, 0.22237652521440460000, 0.61973264356362170000, 0.11795698126808790000, 0.01434311096034177600}, {0.00004240387571424028, 0.00342411296392490260, 0.02184859696176230700, 0.22396667055368860000, 0.61970084065683610000, 0.11704529794023173000, 0.01397207704784217200}, {0.00003180290678568021, 0.00353012265321050360, 0.02137155335997710000, 0.22077577890619202000, 0.62285992939754700000, 0.11759654832451687000, 0.01383426445177089200}, {0.00005300484464280035, 0.00320149261642514100, 0.02142455820461990000, 0.22038354305583530000, 0.62338997784397500000, 0.11760714929344541000, 0.01394027414105649200}, {0.00004240387571424028, 0.00333930521249642220, 0.02180619308604806600, 0.22184647676797659000, 0.61719901198969580000, 0.12165671942415537000, 0.01410988964391345400}, {0.00004240387571424028, 0.00305307905142530040, 0.02097931750962037800, 0.22090299053333476000, 0.61876795539112270000, 0.12190054170951226000, 0.01435371192927033600}, {0.00005300484464280035, 0.00298947323785394000, 0.02157297176961974300, 0.22532359457654430000, 0.61552405889898330000, 0.12036340121487103000, 0.01417349545748481300}, {0.00005300484464280035, 0.00313788680285378070, 0.02121253882604870000, 0.22110440894297740000, 0.61987045615969300000, 0.12056481962451368000, 0.01405688479927065400}, {0.00004240387571424028, 0.00337110811928210230, 0.02165777952104822400, 0.21501945277798390000, 0.62699430727968540000, 0.11881565975130128000, 0.01409928867498489400}, {0.00005300484464280035, 0.00348771877749626300, 0.02219842893640478600, 0.22054255758976370000, 0.62437586795433100000, 0.11587919135809013000, 0.01346323053927128900}, {0.00003180290678568021, 0.00354072362213906330, 0.02331153067390359300, 0.22799503874654142000, 0.61503641432826960000, 0.11651524949380374000, 0.01356924022855689000}, {0.00003180290678568021, 0.00337110811928210230, 0.02309951129533239400, 0.22821765909404120000, 0.61636153544433960000, 0.11544455163201917000, 0.01347383150819984900}, {0.00003180290678568021, 0.00341351199499634300, 0.02308891032640383000, 0.22881131335404056000, 0.61767605559148110000, 0.11361058400737828000, 0.01336782181891424900}, {0.00003180290678568021, 0.00328630036785362200, 0.02343874230104631500, 0.22793143293297008000, 0.61691278582862470000, 0.11500991190594820000, 0.01338902375677137000}, {0.00003180290678568021, 0.00339231005713922260, 0.02205001537140494800, 0.21922803744262226000, 0.62276452067718990000, 0.11874145296880134000, 0.01379186057605665200}, {0.00004240387571424028, 0.00337110811928210230, 0.02247405412854735000, 0.22007611495690707000, 0.61959483096755040000, 0.12054361768665656000, 0.01389787026534225300}, {0.00003180290678568021, 0.00401776722392426650, 0.02503948860925888500, 0.23032725191082465000, 0.60900446300791890000, 0.11813719773987343000, 0.01344202860141416800}, {0.00005300484464280035, 0.00386935365892442570, 0.02427621884640256000, 0.22477234419225917000, 0.61543925114755490000, 0.11785097157880230000, 0.01373885573141385000}, {0.00004240387571424028, 0.00381634881428162540, 0.02397939171640288000, 0.22520698391833013000, 0.61616011703469700000, 0.11743753379058847000, 0.01335722084998568900}, {0.00003180290678568021, 0.00395416141035290650, 0.02478506535497344500, 0.22590664786761510000, 0.61587389087362590000, 0.11608060976773277000, 0.01336782181891424900}, {0.00003180290678568021, 0.00362553137356754400, 0.02315251613997519300, 0.22852508719296943000, 0.61479259204291270000, 0.11639863883558957000, 0.01347383150819984900}, {0.00004240387571424028, 0.00359372846678186400, 0.02241044831497599000, 0.22738018254868494000, 0.61719901198969580000, 0.11575197973094740000, 0.01362224507319969100}, {0.00004240387571424028, 0.00353012265321050360, 0.02357655489711759500, 0.23399518716010642000, 0.60953451145434690000, 0.11570957585523317000, 0.01361164410427113000}, {0.00006360581357136043, 0.00380574784535306530, 0.02307830935747527300, 0.23586095769153300000, 0.60718109635220660000, 0.11623962430166117000, 0.01377065863819953100}, {0.00006360581357136043, 0.00375274300071026500, 0.02413840625033128000, 0.23023184319046760000, 0.60939669885827560000, 0.11862484231058719000, 0.01379186057605665200}, {0.00006360581357136043, 0.00394356044142434600, 0.02532571477033000700, 0.23739809818617422000, 0.60443544539970950000, 0.11531734000487645000, 0.01351623538391409000}, {0.00005300484464280035, 0.00390115656571010570, 0.02611018647104345500, 0.24039817239295672000, 0.60011025007685700000, 0.11596399910951861000, 0.01346323053927128900}, {0.00003180290678568021, 0.00377394493856738530, 0.02513489732961592800, 0.23589276059831868000, 0.60445664733756670000, 0.11697109115773181000, 0.01373885573141385000}, {0.00004240387571424028, 0.00385875268999586560, 0.02568614771390105000, 0.24001653751152854000, 0.60593018201863650000, 0.11115115921595234000, 0.01331481697427144800}, {0.00005300484464280035, 0.00365733428035322400, 0.02470025760354496400, 0.23444042785510597000, 0.60967232405041820000, 0.11400281985773500000, 0.01347383150819984900}, {0.00005300484464280035, 0.00332870424356786200, 0.02343874230104631500, 0.23198100306368002000, 0.61097624322863110000, 0.11628202817737542000, 0.01394027414105649200}, {0.00004240387571424028, 0.00321209358535370130, 0.02400059365426000000, 0.23420720653867763000, 0.60866523200220500000, 0.11590039329594724000, 0.01397207704784217200}, {0.00003180290678568021, 0.00342411296392490260, 0.02435042562890248000, 0.23049686741368160000, 0.61031898315506040000, 0.11757534638665974000, 0.01380246154498521200}, {0.00003180290678568021, 0.00262904029428289760, 0.02210302021604774700, 0.22904453467046887000, 0.61554526083684050000, 0.11704529794023173000, 0.01360104313534257000}, {0.00004240387571424028, 0.00312728583392522060, 0.02371436749318888000, 0.23326372030403578000, 0.61364768739862820000, 0.11301692974737891000, 0.01318760534712872800}, {0.00003180290678568021, 0.00346651683963914300, 0.02396879074747432000, 0.22982900637118234000, 0.61906478252112240000, 0.11098154371309538000, 0.01265755690070072400}, {0.00004240387571424028, 0.00366793524928178420, 0.02286628997890407000, 0.22889612110546903000, 0.61622372284826830000, 0.11533854194273356000, 0.01296498499962896500}, {0.00004240387571424028, 0.00367853621821034440, 0.02361895877283183600, 0.22980780443332520000, 0.61641454028898250000, 0.11355757916273547000, 0.01288017724820048600}, {0.00004240387571424028, 0.00372094009392458450, 0.02468965663461640500, 0.23442982688617740000, 0.61061581028506010000, 0.11357878110059260000, 0.01292258112391472600}, {0.00004240387571424028, 0.00361493040463898400, 0.02446703628711664400, 0.22770881258547032000, 0.61571487633969750000, 0.11528553709809077000, 0.01316640340927160800}, {0.00004240387571424028, 0.00346651683963914300, 0.02308891032640383000, 0.23264886410617930000, 0.61463357750898430000, 0.11328195397059292000, 0.01283777337248624500}, {0.00004240387571424028, 0.00387995462785298600, 0.02388398299604583800, 0.22937316470725425000, 0.61722021392755300000, 0.11264589583487931000, 0.01295438403070040700}, {0.00004240387571424028, 0.00377394493856738530, 0.02311011226426095200, 0.21804072892262352000, 0.62463029120861650000, 0.11716190859844590000, 0.01324061019177152700}, {0.00003180290678568021, 0.00396476237928146700, 0.02372496846211743700, 0.22423169477690260000, 0.62320976137218940000, 0.11192502994773722000, 0.01291198015498616600}, {0.00003180290678568021, 0.00393295947249578600, 0.02450944016283088000, 0.22574763333368670000, 0.62714272084468530000, 0.10632771835345750000, 0.01230772492605824100}, {0.00003180290678568021, 0.00402836819285282700, 0.02524090701890152600, 0.22803744262225567000, 0.62172562572219100000, 0.10839490729452672000, 0.01254094624248656300}, {0.00003180290678568021, 0.00291526645535401940, 0.02053407681462085500, 0.22941556858296850000, 0.61901177767647960000, 0.11481909446523413000, 0.01327241309855720800}, {0.00005300484464280035, 0.00342411296392490260, 0.02172138533461958500, 0.23433441816582035000, 0.61352047577148550000, 0.11409822857809204000, 0.01284837434141480500}, {0.00005300484464280035, 0.00359372846678186400, 0.02209241924711918800, 0.23316831158367876000, 0.61488800076326980000, 0.11336676172202140000, 0.01283777337248624500}, {0.00004240387571424028, 0.00362553137356754400, 0.02197580858890502500, 0.23162057012010898000, 0.61730502167898150000, 0.11265649680380786000, 0.01277416755891488400}, {0.00004240387571424028, 0.00359372846678186400, 0.02194400568211934600, 0.23437682204153460000, 0.61888456604933700000, 0.10874473926916921000, 0.01241373461534384300}, {0.00004240387571424028, 0.00365733428035322400, 0.02180619308604806600, 0.22981840540225376000, 0.62324156427897510000, 0.10922178287095441000, 0.01221231620570120200}, {0.00004240387571424028, 0.00363613234249610400, 0.02225143378104759000, 0.23262766216832217000, 0.61705059842469600000, 0.11172361153809458000, 0.01266815786962928500}, {0.00004240387571424028, 0.00346651683963914300, 0.02142455820461990000, 0.22732717770404215000, 0.62118497630683440000, 0.11365298788309251000, 0.01290137918605760600}, {0.00004240387571424028, 0.00354072362213906330, 0.02190160180640510600, 0.23013643447011056000, 0.61967963871897890000, 0.11203103963702282000, 0.01266815786962928500}, {0.00004240387571424028, 0.00375274300071026500, 0.02225143378104759000, 0.23381497068832090000, 0.61976444647040740000, 0.10793906563059864000, 0.01243493655320096300}, {0.00004240387571424028, 0.00189757343821225260, 0.01772482004855244000, 0.22993501606046793000, 0.62725933150289940000, 0.11035608654631034000, 0.01278476852784344400}, {0.00004240387571424028, 0.00189757343821225260, 0.01709936288176739500, 0.22196308742619075000, 0.63042902121253890000, 0.11527493612916220000, 0.01329361503641432800}}, {{0.00002120193785712014, 0.00021201937857120140, 0.01092959896534543300, 0.53968472718406460000, 0.43739597799238850000, 0.01107801253034527300, 0.00067846201142784450}, {0.00002120193785712014, 0.00021201937857120140, 0.01190488810677296000, 0.54528203877834440000, 0.43073856950525280000, 0.01116282028177375400, 0.00067846201142784450}, {0.00002120193785712014, 0.00021201937857120140, 0.01297558596855752500, 0.54784747325905590000, 0.42726145169668506000, 0.01103560865463103400, 0.00064665910464216420}, {0.00001060096892856007, 0.00024382228535688160, 0.01319820631605728900, 0.54780506938334160000, 0.42682681197061410000, 0.01129003190891647600, 0.00062545716678504420}, {0.00001060096892856007, 0.00022262034749976148, 0.01391907220319937200, 0.55339178000869280000, 0.42085846646383480000, 0.01092959896534543300, 0.00066786104249928440}, {0.00001060096892856007, 0.00040283681928528270, 0.01977080705176453000, 0.55029629708155330000, 0.41790079613276654000, 0.01092959896534543300, 0.00068906298035640460}, {0.00001060096892856007, 0.00033923100571392223, 0.01861530143855148400, 0.54015116981692120000, 0.42879859219132627000, 0.01136423869141639500, 0.00072086588714208480}, {0.00001060096892856007, 0.00038163488142816255, 0.01994042255462149400, 0.54750824225334190000, 0.42023300929704976000, 0.01118402221963087400, 0.00074206782499920490}, {0.00001060096892856007, 0.00043463972607096290, 0.02044926906319237700, 0.55289353446905040000, 0.41459329382705580000, 0.01089779605855975200, 0.00072086588714208480}, {0.00000000000000000000, 0.00024382228535688160, 0.01387666832748513300, 0.55810921118190200000, 0.41610923238383990000, 0.01096140187213111300, 0.00069966394928496470}, {0.00000000000000000000, 0.00028622616107112190, 0.01361164410427113000, 0.55820461990225910000, 0.41655447307883940000, 0.01070697861784567100, 0.00063605813571360420}, {0.00000000000000000000, 0.00039223585035672260, 0.01642090087033955000, 0.55382641973476380000, 0.41797500291526646000, 0.01077058443141703200, 0.00061485619785648410}, {0.00000000000000000000, 0.00040283681928528270, 0.01747039679426699500, 0.55556497863904760000, 0.41514454421134090000, 0.01082358927605983100, 0.00059365425999936390}, {0.00000000000000000000, 0.00048764457071376320, 0.01942097507712205000, 0.55830002862261610000, 0.41055432466527440000, 0.01063277183534575000, 0.00060425522892792400}, {0.00000000000000000000, 0.00048764457071376320, 0.01936797023247925000, 0.56015519818511420000, 0.40880516479206197000, 0.01062217086641719000, 0.00056185135321368370}, {0.00000000000000000000, 0.00045584166392808305, 0.01916655182283661000, 0.55699610944440330000, 0.41202785934634430000, 0.01074938249355991200, 0.00060425522892792400}, {0.00000000000000000000, 0.00048764457071376320, 0.01916655182283661000, 0.56272063266582560000, 0.40670617294420710000, 0.01038894954998886800, 0.00053004844642800350}, {0.00000000000000000000, 0.00051944747749944340, 0.01991922061676437400, 0.56003858752690000000, 0.40852953959991944000, 0.01042075245677454900, 0.00057245232214224370}, {0.00000000000000000000, 0.00049824553964232330, 0.01918775376069373000, 0.56204217065439780000, 0.40729982720420650000, 0.01043135342570310900, 0.00054064941535656360}, {0.00000000000000000000, 0.00057245232214224370, 0.02137155335997710000, 0.56489383129618040000, 0.40210535242921200000, 0.01049495923927447000, 0.00056185135321368370}, {0.00000000000000000000, 0.00060425522892792400, 0.02140335626676278000, 0.57243112020438670000, 0.39489669355779117000, 0.01012392532677486600, 0.00054064941535656360}, {0.00000000000000000000, 0.00054064941535656360, 0.02124434173283438000, 0.57368203453795670000, 0.39384719763386370000, 0.01015572823356054700, 0.00053004844642800350}, {0.00000000000000000000, 0.00055125038428512370, 0.02101112041640606000, 0.57589763704402590000, 0.39209803776065133000, 0.00988010304141798500, 0.00056185135321368370}, {0.00000000000000000000, 0.00055125038428512370, 0.02092631266497758000, 0.57323679384295720000, 0.39457866448993440000, 0.01011332435784630600, 0.00059365425999936390}, {0.00000000000000000000, 0.00048764457071376320, 0.01806405105426636000, 0.57817684536366620000, 0.39241606682850810000, 0.01025113695391758800, 0.00060425522892792400}, {0.00000000000000000000, 0.00044524069499952295, 0.01773542101748099700, 0.57676691649616770000, 0.39383659666493520000, 0.01061156989748863000, 0.00060425522892792400}, {0.00000000000000000000, 0.00051944747749944340, 0.01830787333962324000, 0.57026852254296050000, 0.39957172085528620000, 0.01071757958677423100, 0.00061485619785648410}, {0.00000000000000000000, 0.00057245232214224370, 0.01904994116462244500, 0.56561469718332260000, 0.40332446385599646000, 0.01084479121391695100, 0.00059365425999936390}, {0.00000000000000000000, 0.00054064941535656360, 0.02000402836819285000, 0.56020820302975690000, 0.40787227952634870000, 0.01073878152463135200, 0.00063605813571360420}, {0.00000000000000000000, 0.00057245232214224370, 0.02029025452926397400, 0.55787598986547370000, 0.40984405974706090000, 0.01077058443141703200, 0.00064665910464216420}, {0.00000000000000000000, 0.00053004844642800350, 0.02053407681462085500, 0.56168173771082670000, 0.40593230221242220000, 0.01069637764891711100, 0.00062545716678504420}, {0.00000000000000000000, 0.00051944747749944340, 0.01998282643033573000, 0.56646277469760730000, 0.40193573692635510000, 0.01046315633248879000, 0.00063605813571360420}, {0.00000000000000000000, 0.00059365425999936390, 0.02056587972140653700, 0.57109539811938810000, 0.39673066118243205000, 0.01038894954998886800, 0.00062545716678504420}, {0.00000000000000000000, 0.00051944747749944340, 0.01957998961105045000, 0.56190435805832650000, 0.40668497100635000000, 0.01067517571105999000, 0.00063605813571360420}, {0.00000000000000000000, 0.00049824553964232330, 0.01933616732569356700, 0.56119409314011300000, 0.40772386596134885000, 0.01063277183534575000, 0.00061485619785648410}, {0.00000000000000000000, 0.00053004844642800350, 0.01949518185962197000, 0.55716572494726010000, 0.41157201768241620000, 0.01067517571105999000, 0.00056185135321368370}, {0.00000000000000000000, 0.00051944747749944340, 0.01927256151212220600, 0.55588300770690450000, 0.41319396592848584000, 0.01055856505284583000, 0.00057245232214224370}, {0.00000000000000000000, 0.00047704360178520320, 0.01790503652033796000, 0.55642365712226090000, 0.41398903859812786000, 0.01061156989748863000, 0.00059365425999936390}, {0.00000000000000000000, 0.00046644263285664310, 0.01720537257105299300, 0.55351899163583550000, 0.41779478644348095000, 0.01039955051891742900, 0.00061485619785648410}, {0.00000000000000000000, 0.00046644263285664310, 0.01722657450891011300, 0.55439887205690600000, 0.41681949730205340000, 0.01052676214606015000, 0.00056185135321368370}, {0.00000000000000000000, 0.00047704360178520320, 0.01739619001176707600, 0.55778058114511660000, 0.41323636980420010000, 0.01056916602177439100, 0.00054064941535656360}, {0.00000000000000000000, 0.00047704360178520320, 0.01745979582533843700, 0.55893608675832970000, 0.41209146515991560000, 0.01046315633248879000, 0.00057245232214224370}, {0.00000000000000000000, 0.00046644263285664310, 0.01716296869533875300, 0.55252250055655080000, 0.41879127752276557000, 0.01053736311498871000, 0.00051944747749944340}, {0.00000000000000000000, 0.00049824553964232330, 0.01739619001176707600, 0.55684769587940340000, 0.41431766863491320000, 0.01038894954998886800, 0.00055125038428512370}, {0.00000000000000000000, 0.00040283681928528270, 0.01783082973783804000, 0.55331757322619290000, 0.41795380097740936000, 0.01000731466856070700, 0.00048764457071376320}, {0.00000000000000000000, 0.00045584166392808305, 0.01769301714176675600, 0.54994646510691080000, 0.42120829843847730000, 0.01022993501606046800, 0.00046644263285664310}, {0.00000000000000000000, 0.00046644263285664310, 0.01818066171248052000, 0.55226807730226550000, 0.41861106105098006000, 0.01004971854427494700, 0.00042403875714240280}, {0.00000000000000000000, 0.00046644263285664310, 0.01776722392426668000, 0.55473810306262000000, 0.41659687695455366000, 0.01001791563748926700, 0.00041343778821384270}, {0.00000000000000000000, 0.00040283681928528270, 0.01732198322926715600, 0.55272391896619360000, 0.41906690271490815000, 0.01010272338891774800, 0.00038163488142816255}, {0.00000000000000000000, 0.00045584166392808305, 0.01824426752605188000, 0.56073825147618500000, 0.41020449269063190000, 0.00995430982391790600, 0.00040283681928528270}, {0.00000000000000000000, 0.00047704360178520320, 0.01793683942712363800, 0.56114108829547020000, 0.41011968493920340000, 0.00990130497927510500, 0.00042403875714240280}, {0.00000000000000000000, 0.00044524069499952295, 0.01760820939033827500, 0.55747315304618840000, 0.41392543278455650000, 0.01015572823356054700, 0.00039223585035672260}, {0.00000000000000000000, 0.00046644263285664310, 0.01760820939033827500, 0.55982656814832880000, 0.41173103221634455000, 0.00993310788606078600, 0.00043463972607096290}, {0.00000000000000000000, 0.00047704360178520320, 0.01820186365033764000, 0.55398543426869220000, 0.41690430505348186000, 0.00997551176177502600, 0.00045584166392808305}, {0.00000000000000000000, 0.00054064941535656360, 0.01825486849498044300, 0.55132459106762350000, 0.41944853759633630000, 0.01001791563748926700, 0.00041343778821384270}, {0.00000000000000000000, 0.00059365425999936390, 0.01951638379747908800, 0.55548017088761910000, 0.41397843762919934000, 0.01004971854427494700, 0.00038163488142816255}, {0.00000000000000000000, 0.00058305329107080390, 0.01938917217033637000, 0.55470630015583420000, 0.41490072192598404000, 0.01001791563748926700, 0.00040283681928528270}, {0.00000000000000000000, 0.00055125038428512370, 0.01902873922676532500, 0.55702791235118890000, 0.41298194654991466000, 0.01002851660641782700, 0.00038163488142816255}, {0.00000000000000000000, 0.00055125038428512370, 0.01917715279176516700, 0.56143791542546980000, 0.40847653475527660000, 0.00994370885498934600, 0.00041343778821384270}, {0.00000000000000000000, 0.00050884650857088340, 0.01916655182283661000, 0.56097147279261330000, 0.40905958804634746000, 0.00988010304141798500, 0.00041343778821384270}, {0.00000000000000000000, 0.00047704360178520320, 0.01827607043283756300, 0.55561798348369040000, 0.41539896746562640000, 0.00982709819677518600, 0.00040283681928528270}, {0.00000000000000000000, 0.00048764457071376320, 0.01920895569855085000, 0.56371712374511030000, 0.40639874484527890000, 0.00982709819677518600, 0.00036043294357104240}, {0.00000000000000000000, 0.00049824553964232330, 0.01909234504033668600, 0.56793630937867720000, 0.40279441540956845000, 0.00932885265713286200, 0.00034983197464248230}, {0.00000000000000000000, 0.00051944747749944340, 0.01928316248105076800, 0.56661118826260730000, 0.40388631520921014000, 0.00938185750177566300, 0.00031802906785680210}, {0.00000000000000000000, 0.00043463972607096290, 0.01908174407140812700, 0.56594332722010790000, 0.40484040241278050000, 0.00940305943963278200, 0.00029682712999968197}, {0.00000000000000000000, 0.00046644263285664310, 0.01893333050640828500, 0.56087606407225620000, 0.41006668009456065000, 0.00937125653284710300, 0.00028622616107112190}, {0.00000000000000000000, 0.00045584166392808305, 0.01798984427176644000, 0.56057923694225650000, 0.41132819539705930000, 0.00935005459498998300, 0.00029682712999968197}, {0.00000000000000000000, 0.00044524069499952295, 0.01776722392426668000, 0.56700342411296390000, 0.40523263826313727000, 0.00926524684356150100, 0.00028622616107112190}, {0.00000000000000000000, 0.00048764457071376320, 0.01762941132819539600, 0.56669599601403560000, 0.40567787895813680000, 0.00923344393677582100, 0.00027562519214256183}, {0.00000000000000000000, 0.00051944747749944340, 0.01817006074355196000, 0.56221178615725480000, 0.40945182389670415000, 0.00939245847070422300, 0.00025442325428544170}, {0.00000000000000000000, 0.00056185135321368370, 0.01908174407140812700, 0.56695041926832110000, 0.40422554621492407000, 0.00894721777570469900, 0.00023322131642832154}, {0.00000000000000000000, 0.00058305329107080390, 0.01988741770997869000, 0.56856176654546230000, 0.40159650592064117000, 0.00915923715427590000, 0.00021201937857120140}, {0.00000000000000000000, 0.00050884650857088340, 0.01950578282855053000, 0.57366083260009970000, 0.39713349800171740000, 0.00897902068249038000, 0.00021201937857120140}, {0.00000000000000000000, 0.00053004844642800350, 0.01956938864212189000, 0.57727576300473860000, 0.39360337534850687000, 0.00882000614856197900, 0.00020141840964264134}, {0.00000000000000000000, 0.00051944747749944340, 0.01930436441890789000, 0.57622626708081110000, 0.39488609258886265000, 0.00879880421070485800, 0.00026502422321400174}, {0.00000000000000000000, 0.00051944747749944340, 0.01830787333962324000, 0.56769248709332030000, 0.40422554621492407000, 0.00901082358927606000, 0.00024382228535688160}, {0.00000000000000000000, 0.00049824553964232330, 0.01908174407140812700, 0.56272063266582560000, 0.40833872215920536000, 0.00913803521641878100, 0.00022262034749976148}, {0.00000000000000000000, 0.00056185135321368370, 0.02049167293890661500, 0.57090458067867400000, 0.39898866756421536000, 0.00879880421070485800, 0.00025442325428544170}, {0.00000000000000000000, 0.00053004844642800350, 0.02069309134854925600, 0.56787270356510590000, 0.40146929429349840000, 0.00919104006106158000, 0.00024382228535688160}, {0.00000000000000000000, 0.00054064941535656360, 0.02052347584569229700, 0.56665359213832140000, 0.40309124253956813000, 0.00896841971356181900, 0.00022262034749976148}, {0.00000000000000000000, 0.00056185135321368370, 0.02085210588247766000, 0.56769248709332030000, 0.40161770785849826000, 0.00904262649606174000, 0.00023322131642832154}, {0.00000000000000000000, 0.00054064941535656360, 0.02017364387104981400, 0.56943104599760420000, 0.40053640902778515000, 0.00909563134070454000, 0.00022262034749976148}, {0.00000000000000000000, 0.00053004844642800350, 0.01980260995855021000, 0.56872078107939060000, 0.40164951076528393000, 0.00908503037177598000, 0.00021201937857120140}, {0.00000000000000000000, 0.00048764457071376320, 0.01979200898962165200, 0.57371383744474250000, 0.39662465149314646000, 0.00915923715427590000, 0.00022262034749976148}, {0.00000000000000000000, 0.00054064941535656360, 0.02013123999533557300, 0.57511316534331240000, 0.39481188580636273000, 0.00913803521641878100, 0.00026502422321400174}, {0.00000000000000000000, 0.00051944747749944340, 0.02016304290212125500, 0.56858296848331940000, 0.40150109720028410000, 0.00898962165141894000, 0.00024382228535688160}, {0.00001060096892856007, 0.00053004844642800350, 0.02114893301247734000, 0.57507076146759820000, 0.39398501022993504000, 0.00898962165141894000, 0.00026502422321400174}, {0.00001060096892856007, 0.00053004844642800350, 0.02121253882604870000, 0.57747718141438130000, 0.39167399900350890000, 0.00880940517963341900, 0.00028622616107112190}, {0.00001060096892856007, 0.00054064941535656360, 0.02034325937390677600, 0.57110599908831670000, 0.39846922008671590000, 0.00926524684356150100, 0.00026502422321400174}, {0.00001060096892856007, 0.00050884650857088340, 0.02074609619319205800, 0.58146314573151990000, 0.38826048700851257000, 0.00879880421070485800, 0.00021201937857120140}, {0.00001060096892856007, 0.00053004844642800350, 0.02023724968462117500, 0.57794362404723790000, 0.39217224454315125000, 0.00887301099320478000, 0.00023322131642832154}, {0.00001060096892856007, 0.00046644263285664310, 0.01876371500355132600, 0.57113780199510230000, 0.40021837995992830000, 0.00913803521641878100, 0.00026502422321400174}, {0.00001060096892856007, 0.00046644263285664310, 0.01876371500355132600, 0.57657609905545370000, 0.39490729452671974000, 0.00902142455820462000, 0.00025442325428544170}, {0.00001060096892856007, 0.00045584166392808305, 0.01912414794712236800, 0.56877378592403350000, 0.40225376599421186000, 0.00910623230963310100, 0.00027562519214256183}, {0.00001060096892856007, 0.00036043294357104240, 0.01657991540426795000, 0.56707763089546380000, 0.40682278360242125000, 0.00890481389999046000, 0.00024382228535688160}, {0.00001060096892856007, 0.00046644263285664310, 0.01870010918997996500, 0.57414847717081340000, 0.39765294547921680000, 0.00874579936606205800, 0.00027562519214256183}, {0.00001060096892856007, 0.00051944747749944340, 0.01903934019569388700, 0.57380924616509950000, 0.39790736873350224000, 0.00848077514284805600, 0.00023322131642832154}, {0.00001060096892856007, 0.00060425522892792400, 0.01962239348676469000, 0.56759707837296320000, 0.40347287742099630000, 0.00844897223606237500, 0.00024382228535688160}, {0.00001060096892856007, 0.00057245232214224370, 0.01921955666747940700, 0.57058655161081730000, 0.40109826038099883000, 0.00826875576427685500, 0.00024382228535688160}, {0.00001060096892856007, 0.00058305329107080390, 0.02027965356033541500, 0.57362902969331400000, 0.39666705536886070000, 0.00855498192534797700, 0.00027562519214256183}, {0.00000000000000000000, 0.00050884650857088340, 0.01982381189640733000, 0.57093638358545970000, 0.39958232182421470000, 0.00887301099320478000, 0.00027562519214256183}, {0.00000000000000000000, 0.00046644263285664310, 0.01904994116462244500, 0.57610965642259700000, 0.39556455460029044000, 0.00857618386320509700, 0.00023322131642832154}, {0.00001060096892856007, 0.00055125038428512370, 0.01974960511390741000, 0.57474213143081280000, 0.39623241564278977000, 0.00849137611177661600, 0.00022262034749976148}, {0.00001060096892856007, 0.00051944747749944340, 0.01911354697819380600, 0.56052623209761380000, 0.41090415663991686000, 0.00865039064570501800, 0.00027562519214256183}, {0.00001060096892856007, 0.00060425522892792400, 0.01988741770997869000, 0.56787270356510590000, 0.40275201153385420000, 0.00863978967677645800, 0.00023322131642832154}, {0.00001060096892856007, 0.00062545716678504420, 0.02017364387104981400, 0.57420148201545620000, 0.39630662242528970000, 0.00847017417391949600, 0.00021201937857120140}, {0.00001060096892856007, 0.00064665910464216420, 0.02062948553497790000, 0.57468912658617000000, 0.39531013134600500000, 0.00844897223606237500, 0.00026502422321400174}, {0.00001060096892856007, 0.00054064941535656360, 0.01716296869533875300, 0.57331100062545